83 84 94 114 43 116 94 122 68 104 69 100 35 111 102 90 103 113 109 119 77 38 126 82 86 122 97 102 48 56 117 80 
81 122 33 118 85 77 53 107 116 106 113 117 98 116 56 93 118 106 119 95 101 122 110 55 50 103 122 65 99 79 41 67 
49 51 106 118 75 33 82 52 38 68 107 87 37 94 75 119 119 38 120 99 108 55 115 48 120 80 122 52 106 81 109 123 
122 84 112 48 82 33 50 122 68 91 48 44 36 44 77 114 117 40 85 102 37 66 118 98 106 53 97 87 120 103 110 68 
40 54 65 99 104 87 51 105 44 49 106 87 105 82 102 88 118 41 106 109 54 76 67 97 83 33 87 53 110 44 85 84 
84 104 77 108 85 106 109 95 85 102 118 86 85 57 84 42 42 83 117 86 112 93 64 51 48 114 85 107 97 115 83 88 
107 44 51 51 103 105 78 65 122 41 99 77 42 44 106 56 44 126 76 75 41 69 122 40 52 37 121 126 104 37 102 114 
116 84 102 73 88 49 106 115 48 75 49 44 105 89 86 53 109 69 65 73 126 51 103 35 54 50 54 93 104 122 101 40 
35 117 109 86 103 88 66 36 119 98 50 104 42 68 122 89 37 51 115 56 88 104 48 104 89 103 103 126 43 94 97 57 
122 103 82 98 108 93 44 73 68 97 123 76 102 84 123 106 107 125 102 38 50 118 84 106 48 108 105 95 123 89 51 117 
